r 100 0.0 8.84151778671
r 100 0.1 9.12829999657
r 100 0.2 8.62510594931
r 100 0.3 8.63773262737
r 100 0.4 8.8275246346
r 100 0.5 9.17162532732
r 100 0.6 21.4434993225
r 100 0.7 444.915906722
r 100 0.8 433.667422301
r 100 0.9 49.5009066701
o 100 0.0 31.8106408079
o 100 0.1 0.587894984297
o 100 0.2 0.569880223141
o 100 0.3 0.558667019879
o 100 0.4 0.557633511077
o 100 0.5 0.563570833112
o 100 0.6 0.611496539424
o 100 0.7 0.682514360383
o 100 0.8 0.542284314189
o 100 0.9 0.324620592026
r 400 0.0 43.6700268641
r 400 0.1 44.6318225944
r 400 0.2 46.0994326508
r 400 0.3 49.0340232365
r 400 0.4 48.2944833591
r 400 0.5 49.5289770564
r 400 0.6 219.527348176
r 400 0.7 1208.20965454
r 400 0.8 556.133529209
r 400 0.9 8.36429102731
o 400 0.0 118.84084682
o 400 0.1 1.14889398753
o 400 0.2 20.4613065945
o 400 0.3 25.3120993209
o 400 0.4 23.7362630238
o 400 0.5 32.0225035125
o 400 0.6 20.7443079407
o 400 0.7 1.11599584226
o 400 0.8 0.645929399747
o 400 0.9 0.373885550816
r 1000 0.0 130.456107357
r 1000 0.1 134.196452327
r 1000 0.2 119.706285318
r 1000 0.3 114.249056432
r 1000 0.4 107.887706733
r 1000 0.5 125.33816733
r 1000 0.6 249.076737828
r 1000 0.7 0.0322144868148
r 1000 0.8 1811.38600594
r 1000 0.9 2700.61904803
o 1000 0.0 398.33045773
o 1000 0.1 263.450172895
o 1000 0.2 378.770238586
o 1000 0.3 250.787267094
o 1000 0.4 209.223170176
o 1000 0.5 136.437232051
o 1000 0.6 173.39549954
o 1000 0.7 131.514951721
o 1000 0.8 0.708966616965
o 1000 0.9 0.406402728274
r 40 0.0 2.0717532729
r 40 0.1 2.06616514826
r 40 0.2 2.07381508876
r 40 0.3 2.10668342671
r 40 0.4 2.11814131652
r 40 0.5 2.09892205323
r 40 0.6 2.35866085234
r 40 0.7 113.507143557
r 40 0.8 315.332606623
r 40 0.9 72.8975839291
o 40 0.0 24.9245087978
o 40 0.1 0.380372907093
o 40 0.2 0.370665542758
o 40 0.3 0.367489992021
o 40 0.4 0.363639624205
o 40 0.5 0.368699809023
o 40 0.6 0.388128993683
o 40 0.7 0.439044523523
o 40 0.8 0.403708134194
o 40 0.9 0.245810961691
